#            s      E [J/m3]     Ev [J/m3]
 -0.179498E-02  0.751887E+04  0.141455E+04
 -0.179748E-02  0.744070E+04  0.133638E+04
 -0.180253E-02  0.729870E+04  0.120573E+04
 -0.180768E-02  0.715854E+04  0.109578E+04
 -0.181293E-02  0.699939E+04  0.998677E+03
 -0.181830E-02  0.688154E+04  0.919652E+03
 -0.182376E-02  0.675354E+04  0.848794E+03
 -0.182934E-02  0.664456E+04  0.788066E+03
 -0.183504E-02  0.652697E+04  0.732680E+03
 -0.184084E-02  0.642192E+04  0.684047E+03
 -0.184677E-02  0.630919E+04  0.639128E+03
 -0.185281E-02  0.620468E+04  0.598945E+03
 -0.185898E-02  0.608689E+04  0.560897E+03
 -0.186527E-02  0.593953E+04  0.523291E+03
 -0.187168E-02  0.567895E+04  0.479048E+03
 -0.187823E-02  0.523442E+04  0.423302E+03
 -0.188490E-02  0.461051E+04  0.357845E+03
 -0.189171E-02  0.394956E+04  0.294509E+03
 -0.189866E-02  0.335688E+04  0.240701E+03
 -0.190575E-02  0.288087E+04  0.198794E+03
 -0.191298E-02  0.250493E+04  0.166464E+03
 -0.192036E-02  0.221670E+04  0.141954E+03
 -0.192789E-02  0.198704E+04  0.122690E+03
 -0.193556E-02  0.180843E+04  0.107719E+03
 -0.194339E-02  0.166058E+04  0.954618E+02
 -0.195138E-02  0.154339E+04  0.856656E+02
 -0.195953E-02  0.144230E+04  0.773233E+02
 -0.196785E-02  0.136122E+04  0.705102E+02
 -0.197633E-02  0.128847E+04  0.645056E+02
 -0.198498E-02  0.122992E+04  0.595280E+02
 -0.199381E-02  0.117534E+04  0.550090E+02
 -0.200282E-02  0.113164E+04  0.512271E+02
 -0.201200E-02  0.108930E+04  0.477035E+02
 -0.202138E-02  0.105583E+04  0.447384E+02
 -0.203094E-02  0.102210E+04  0.419114E+02
 -0.204069E-02  0.995953E+03  0.395267E+02
 -0.205064E-02  0.968477E+03  0.372053E+02
 -0.206079E-02  0.947746E+03  0.352466E+02
 -0.207114E-02  0.924953E+03  0.333038E+02
 -0.208171E-02  0.908335E+03  0.316665E+02
 -0.209248E-02  0.889135E+03  0.300142E+02
 -0.210347E-02  0.875715E+03  0.286252E+02
 -0.211469E-02  0.859329E+03  0.272011E+02
 -0.212613E-02  0.848444E+03  0.260076E+02
 -0.213780E-02  0.834305E+03  0.247660E+02
 -0.214971E-02  0.825463E+03  0.237292E+02
 -0.216185E-02  0.813145E+03  0.226362E+02
 -0.217424E-02  0.805976E+03  0.217269E+02
 -0.218688E-02  0.795156E+03  0.207566E+02
 -0.219977E-02  0.789375E+03  0.199524E+02
 -0.221293E-02  0.779801E+03  0.190846E+02
 -0.222635E-02  0.775182E+03  0.183680E+02
 -0.224004E-02  0.766656E+03  0.175870E+02
 -0.225400E-02  0.763022E+03  0.169444E+02
 -0.226825E-02  0.755387E+03  0.162374E+02
 -0.228278E-02  0.752602E+03  0.156579E+02
 -0.229761E-02  0.745730E+03  0.150149E+02
 -0.231273E-02  0.743671E+03  0.144894E+02
 -0.232816E-02  0.737460E+03  0.139022E+02
 -0.234390E-02  0.736034E+03  0.134234E+02
 -0.235996E-02  0.730395E+03  0.128850E+02
 -0.237634E-02  0.729522E+03  0.124470E+02
 -0.239305E-02  0.724389E+03  0.119518E+02
 -0.241010E-02  0.723999E+03  0.115496E+02
 -0.242749E-02  0.719305E+03  0.110927E+02
 -0.244523E-02  0.719346E+03  0.107221E+02
 -0.246333E-02  0.715047E+03  0.102996E+02
 -0.248179E-02  0.715464E+03  0.995708E+01
 -0.250063E-02  0.711511E+03  0.956531E+01
 -0.251984E-02  0.712267E+03  0.924796E+01
 -0.253944E-02  0.708627E+03  0.888411E+01
 -0.255944E-02  0.709682E+03  0.858929E+01
 -0.257984E-02  0.706319E+03  0.825073E+01
 -0.260065E-02  0.707642E+03  0.797630E+01
 -0.262188E-02  0.704529E+03  0.766085E+01
 -0.264353E-02  0.706091E+03  0.740489E+01
 -0.266563E-02  0.703202E+03  0.711058E+01
 -0.268816E-02  0.704976E+03  0.687146E+01
 -0.271116E-02  0.702290E+03  0.659660E+01
 -0.273461E-02  0.704253E+03  0.637288E+01
 -0.275854E-02  0.701750E+03  0.611596E+01
 -0.278295E-02  0.703881E+03  0.590642E+01
 -0.280785E-02  0.701542E+03  0.566611E+01
 -0.283325E-02  0.703820E+03  0.546963E+01
 -0.285917E-02  0.701629E+03  0.524473E+01
 -0.288560E-02  0.704037E+03  0.506036E+01
 -0.291257E-02  0.701978E+03  0.484981E+01
 -0.294009E-02  0.704498E+03  0.467668E+01
 -0.296815E-02  0.702558E+03  0.447953E+01
 -0.299679E-02  0.705175E+03  0.431689E+01
 -0.302599E-02  0.703339E+03  0.413227E+01
 -0.305579E-02  0.706037E+03  0.397944E+01
 -0.308619E-02  0.704293E+03  0.380656E+01
 -0.311720E-02  0.707058E+03  0.366293E+01
 -0.314883E-02  0.705394E+03  0.350109E+01
 -0.318110E-02  0.708210E+03  0.336611E+01
 -0.321403E-02  0.706630E+03  0.321472E+01
 -0.324761E-02  0.709454E+03  0.308776E+01
 -0.328187E-02  0.707968E+03  0.294629E+01
 -0.331682E-02  0.710771E+03  0.282686E+01
 -0.335248E-02  0.709374E+03  0.269478E+01
 -0.338885E-02  0.712146E+03  0.258250E+01
 -0.342596E-02  0.710825E+03  0.245924E+01
 -0.346381E-02  0.713555E+03  0.235377E+01
 -0.350243E-02  0.712295E+03  0.223882E+01
 -0.354182E-02  0.714972E+03  0.213984E+01
 -0.358201E-02  0.713760E+03  0.203271E+01
 -0.362301E-02  0.716373E+03  0.193992E+01
 -0.366483E-02  0.715197E+03  0.184019E+01
 -0.370750E-02  0.717733E+03  0.175327E+01
 -0.375102E-02  0.716580E+03  0.166052E+01
 -0.379542E-02  0.719027E+03  0.157922E+01
 -0.384072E-02  0.717886E+03  0.149305E+01
 -0.388693E-02  0.720231E+03  0.141709E+01
 -0.393407E-02  0.719091E+03  0.133714E+01
 -0.398216E-02  0.721318E+03  0.126627E+01
 -0.403121E-02  0.720169E+03  0.119218E+01
 -0.408126E-02  0.722265E+03  0.112614E+01
 -0.413231E-02  0.721099E+03  0.105760E+01
 -0.418440E-02  0.723047E+03  0.996146E+00
 -0.423753E-02  0.721856E+03  0.932816E+00
 -0.429173E-02  0.723641E+03  0.875723E+00
 -0.434702E-02  0.722422E+03  0.817306E+00
 -0.440343E-02  0.724026E+03  0.764342E+00
 -0.446098E-02  0.722777E+03  0.710546E+00
 -0.451968E-02  0.724183E+03  0.661491E+00
 -0.457956E-02  0.722910E+03  0.612042E+00
 -0.464066E-02  0.724102E+03  0.566688E+00
 -0.470298E-02  0.722817E+03  0.521331E+00
 -0.476656E-02  0.723778E+03  0.479489E+00
 -0.483141E-02  0.722504E+03  0.437999E+00
 -0.489758E-02  0.723223E+03  0.399520E+00
 -0.496508E-02  0.721999E+03  0.361725E+00
 -0.503393E-02  0.722471E+03  0.326536E+00
 -0.510418E-02  0.721355E+03  0.292375E+00
 -0.517584E-02  0.721592E+03  0.260562E+00
 -0.524894E-02  0.720660E+03  0.230189E+00
 -0.532352E-02  0.720702E+03  0.202137E+00
 -0.539959E-02  0.720030E+03  0.176069E+00
 -0.547720E-02  0.719953E+03  0.152561E+00
 -0.555638E-02  0.719564E+03  0.131589E+00
 -0.563714E-02  0.719467E+03  0.113377E+00
 -0.571954E-02  0.719292E+03  0.977983E-01
 -0.580360E-02  0.719230E+03  0.846721E-01
 -0.588934E-02  0.719164E+03  0.736734E-01
 -0.597682E-02  0.719135E+03  0.644705E-01
 -0.606606E-02  0.719110E+03  0.567451E-01
 -0.615709E-02  0.719097E+03  0.502265E-01
 -0.624996E-02  0.719087E+03  0.446912E-01
 -0.634470E-02  0.719080E+03  0.399597E-01
 -0.644135E-02  0.719075E+03  0.358891E-01
 -0.653994E-02  0.719071E+03  0.323652E-01
 -0.664052E-02  0.719068E+03  0.292971E-01
 -0.674313E-02  0.719065E+03  0.266114E-01
 -0.684780E-02  0.719062E+03  0.242488E-01
 -0.695459E-02  0.719060E+03  0.221609E-01
 -0.706352E-02  0.719058E+03  0.203079E-01
 -0.717465E-02  0.719057E+03  0.186569E-01
 -0.728801E-02  0.719055E+03  0.171806E-01
 -0.740366E-02  0.719054E+03  0.158558E-01
 -0.752164E-02  0.719053E+03  0.146634E-01
 -0.764200E-02  0.719052E+03  0.135868E-01
 -0.776478E-02  0.719051E+03  0.126122E-01
 -0.789003E-02  0.719050E+03  0.117276E-01
 -0.801781E-02  0.719049E+03  0.109226E-01
 -0.814816E-02  0.719048E+03  0.101885E-01
 -0.828113E-02  0.719047E+03  0.951751E-02
 -0.841679E-02  0.719047E+03  0.890295E-02
 -0.855518E-02  0.719046E+03  0.833897E-02
 -0.869635E-02  0.719046E+03  0.782047E-02
 -0.884037E-02  0.719045E+03  0.734292E-02
 -0.898729E-02  0.719045E+03  0.690237E-02
 -0.913717E-02  0.719044E+03  0.649530E-02
 -0.929007E-02  0.719044E+03  0.611859E-02
 -0.944605E-02  0.719044E+03  0.576947E-02
 -0.960517E-02  0.719043E+03  0.544548E-02
 -0.976749E-02  0.719043E+03  0.514442E-02
 -0.993309E-02  0.719043E+03  0.486430E-02
 -0.101020E-01  0.719043E+03  0.460335E-02
 -0.102744E-01  0.719042E+03  0.435998E-02
 -0.104502E-01  0.719042E+03  0.413275E-02
 -0.106295E-01  0.719042E+03  0.392036E-02
 -0.108125E-01  0.719042E+03  0.372164E-02
 -0.109991E-01  0.719041E+03  0.353553E-02
 -0.111895E-01  0.719041E+03  0.336106E-02
 -0.113838E-01  0.719041E+03  0.319734E-02
 -0.115819E-01  0.719041E+03  0.304359E-02
 -0.117841E-01  0.719041E+03  0.289907E-02
 -0.119903E-01  0.719041E+03  0.276311E-02
 -0.122006E-01  0.719041E+03  0.263510E-02
 -0.124152E-01  0.719040E+03  0.251449E-02
 -0.126342E-01  0.719040E+03  0.240077E-02
 -0.128575E-01  0.719040E+03  0.229346E-02
 -0.130854E-01  0.719040E+03  0.219213E-02
 -0.133178E-01  0.719040E+03  0.209638E-02
 -0.135549E-01  0.719040E+03  0.200584E-02
 -0.137968E-01  0.719040E+03  0.192018E-02
 -0.140435E-01  0.719040E+03  0.183908E-02
 -0.142953E-01  0.719040E+03  0.176226E-02
 -0.145521E-01  0.719040E+03  0.168944E-02
 -0.148141E-01  0.719040E+03  0.162038E-02
 -0.150813E-01  0.719039E+03  0.155485E-02
 -0.153539E-01  0.719039E+03  0.149263E-02
 -0.156321E-01  0.719039E+03  0.143353E-02
 -0.159158E-01  0.719039E+03  0.137736E-02
 -0.162052E-01  0.719039E+03  0.132394E-02
 -0.165005E-01  0.719039E+03  0.127312E-02
 -0.168017E-01  0.719039E+03  0.122476E-02
 -0.171090E-01  0.719039E+03  0.117870E-02
 -0.174225E-01  0.719039E+03  0.113482E-02
 -0.177423E-01  0.719039E+03  0.109300E-02
 -0.180685E-01  0.719039E+03  0.105313E-02
 -0.184014E-01  0.719039E+03  0.101509E-02
 -0.187409E-01  0.719039E+03  0.978798E-03
 -0.190872E-01  0.719039E+03  0.944148E-03
 -0.194405E-01  0.719039E+03  0.911056E-03
 -0.198010E-01  0.719039E+03  0.879440E-03
 -0.201687E-01  0.719039E+03  0.849223E-03
 -0.205438E-01  0.719039E+03  0.820333E-03
 -0.209265E-01  0.719039E+03  0.792702E-03
 -0.213169E-01  0.719039E+03  0.766266E-03
 -0.217151E-01  0.719039E+03  0.740964E-03
 -0.221214E-01  0.719039E+03  0.716741E-03
 -0.225358E-01  0.719039E+03  0.693542E-03
 -0.229586E-01  0.719039E+03  0.671318E-03
 -0.233899E-01  0.719039E+03  0.650020E-03
 -0.238299E-01  0.719039E+03  0.629605E-03
 -0.242788E-01  0.719039E+03  0.610029E-03
 -0.247367E-01  0.719039E+03  0.591254E-03
 -0.252038E-01  0.719039E+03  0.573241E-03
 -0.256804E-01  0.719038E+03  0.555954E-03
 -0.261665E-01  0.719038E+03  0.539360E-03
 -0.266624E-01  0.719038E+03  0.523427E-03
 -0.271683E-01  0.719038E+03  0.508125E-03
 -0.276845E-01  0.719038E+03  0.493425E-03
 -0.282110E-01  0.719038E+03  0.479300E-03
 -0.287481E-01  0.719038E+03  0.465725E-03
 -0.292960E-01  0.719038E+03  0.452674E-03
 -0.298550E-01  0.719038E+03  0.440126E-03
 -0.304252E-01  0.719038E+03  0.428058E-03
 -0.310069E-01  0.719038E+03  0.416449E-03
 -0.316004E-01  0.719038E+03  0.405280E-03
 -0.322058E-01  0.719038E+03  0.394531E-03
 -0.328233E-01  0.719038E+03  0.384185E-03
 -0.334534E-01  0.719038E+03  0.374226E-03
 -0.340961E-01  0.719038E+03  0.364636E-03
 -0.347517E-01  0.719038E+03  0.355401E-03
 -0.354206E-01  0.719038E+03  0.346506E-03
 -0.361030E-01  0.719038E+03  0.337937E-03
 -0.367990E-01  0.719038E+03  0.329681E-03
 -0.375092E-01  0.719038E+03  0.321725E-03
 -0.382336E-01  0.719038E+03  0.314057E-03
 -0.389726E-01  0.719038E+03  0.306667E-03
 -0.397265E-01  0.719038E+03  0.299542E-03
 -0.404955E-01  0.719038E+03  0.292673E-03
 -0.412801E-01  0.719038E+03  0.286049E-03
 -0.420805E-01  0.719038E+03  0.279662E-03
 -0.428970E-01  0.719038E+03  0.273502E-03
 -0.437299E-01  0.719038E+03  0.267561E-03
 -0.445797E-01  0.719038E+03  0.261829E-03
 -0.454465E-01  0.719038E+03  0.256301E-03
 -0.463308E-01  0.719038E+03  0.250967E-03
 -0.472329E-01  0.719038E+03  0.245821E-03
 -0.481532E-01  0.719038E+03  0.240856E-03
 -0.490920E-01  0.719038E+03  0.236065E-03
 -0.500497E-01  0.719038E+03  0.231442E-03
 -0.510268E-01  0.719038E+03  0.226981E-03
 -0.520235E-01  0.719038E+03  0.222677E-03
 -0.530403E-01  0.719038E+03  0.218523E-03
 -0.540775E-01  0.719038E+03  0.214515E-03
 -0.551357E-01  0.719038E+03  0.210648E-03
 -0.562152E-01  0.719038E+03  0.206916E-03
 -0.573164E-01  0.719038E+03  0.203315E-03
 -0.584398E-01  0.719038E+03  0.199841E-03
 -0.595858E-01  0.719038E+03  0.196489E-03
 -0.607549E-01  0.719038E+03  0.193256E-03
 -0.619476E-01  0.719038E+03  0.190136E-03
 -0.631643E-01  0.719038E+03  0.187128E-03
 -0.644055E-01  0.719038E+03  0.184226E-03
 -0.656717E-01  0.719038E+03  0.181428E-03
 -0.669634E-01  0.719038E+03  0.178731E-03
 -0.682812E-01  0.719038E+03  0.176130E-03
 -0.696254E-01  0.719038E+03  0.173623E-03
 -0.709968E-01  0.719038E+03  0.171208E-03
 -0.723958E-01  0.719038E+03  0.168881E-03
 -0.738229E-01  0.719038E+03  0.166639E-03
 -0.752788E-01  0.719038E+03  0.164481E-03
 -0.767640E-01  0.719038E+03  0.162402E-03
 -0.782792E-01  0.719038E+03  0.160402E-03
 -0.798249E-01  0.719038E+03  0.158478E-03
 -0.814017E-01  0.719038E+03  0.156627E-03
 -0.830102E-01  0.719038E+03  0.154847E-03
 -0.846512E-01  0.719038E+03  0.153137E-03
 -0.863252E-01  0.719038E+03  0.151494E-03
 -0.880330E-01  0.719038E+03  0.149916E-03
 -0.897751E-01  0.719038E+03  0.148402E-03
 -0.915524E-01  0.719038E+03  0.146949E-03
 -0.933654E-01  0.719038E+03  0.145556E-03
 -0.952150E-01  0.719038E+03  0.144222E-03
 -0.971018E-01  0.719038E+03  0.142944E-03
 -0.990266E-01  0.719038E+03  0.141722E-03
