#      s Q_tot [J/m2]  Q_T [J/m2]  Q_Tv [J/m2]  Q_hs [J/m2]
9.398555E-06 6.993923E06 7.150129E06 -1.562446E05 3.897970E01 1.484618E02 -1.540995E01
2.819541E-05 6.993131E06 7.149325E06 -1.562324E05 3.897259E01 1.484451E02 -1.540875E01
4.699226E-05 6.991550E06 7.147719E06 -1.562081E05 3.895473E01 1.484118E02 -1.540635E01
6.578911E-05 6.989180E06 7.145313E06 -1.561716E05 3.892110E01 1.483618E02 -1.540275E01
8.458597E-05 6.986027E06 7.142112E06 -1.561232E05 3.887763E01 1.482953E02 -1.539798E01
1.033828E-04 6.982087E06 7.138111E06 -1.560626E05 3.882514E01 1.482123E02 -1.539200E01
1.221797E-04 6.977361E06 7.133312E06 -1.559899E05 3.876159E01 1.481126E02 -1.538483E01
1.409765E-04 6.971852E06 7.127719E06 -1.559051E05 3.868829E01 1.479965E02 -1.537647E01
1.597734E-04 6.965563E06 7.121333E06 -1.558083E05 3.860406E01 1.478639E02 -1.536691E01
1.785702E-04 6.958497E06 7.114158E06 -1.556994E05 3.851029E01 1.477149E02 -1.535617E01
1.973671E-04 6.950656E06 7.106196E06 -1.555785E05 3.840559E01 1.475496E02 -1.534425E01
2.161639E-04 6.942045E06 7.097452E06 -1.554456E05 3.829171E01 1.473681E02 -1.533114E01
2.349608E-04 6.932667E06 7.087930E06 -1.553007E05 3.816691E01 1.471703E02 -1.531686E01
2.537576E-04 6.922527E06 7.077632E06 -1.551440E05 3.803329E01 1.469565E02 -1.530140E01
2.725545E-04 6.911628E06 7.066565E06 -1.549754E05 3.788883E01 1.467267E02 -1.528477E01
2.913513E-04 6.899976E06 7.054733E06 -1.547950E05 3.773594E01 1.464811E02 -1.526698E01
3.101482E-04 6.887575E06 7.042141E06 -1.546027E05 3.757232E01 1.462196E02 -1.524802E01
3.289450E-04 6.874432E06 7.028794E06 -1.543988E05 3.740069E01 1.459425E02 -1.522790E01
3.477419E-04 6.860553E06 7.014699E06 -1.541831E05 3.721849E01 1.456498E02 -1.520663E01
3.665388E-04 6.845942E06 6.999861E06 -1.539559E05 3.702869E01 1.453417E02 -1.518422E01
3.853356E-04 6.830607E06 6.984288E06 -1.537170E05 3.682857E01 1.450184E02 -1.516066E01
4.041325E-04 6.814555E06 6.967985E06 -1.534666E05 3.662124E01 1.446799E02 -1.513597E01
4.229293E-04 6.797792E06 6.950960E06 -1.532048E05 3.640387E01 1.443264E02 -1.511014E01
4.417262E-04 6.780326E06 6.933221E06 -1.529316E05 3.617971E01 1.439581E02 -1.508320E01
4.605230E-04 6.762164E06 6.914775E06 -1.526471E05 3.594583E01 1.435750E02 -1.505514E01
4.793199E-04 6.743315E06 6.895630E06 -1.523513E05 3.570559E01 1.431775E02 -1.502597E01
4.981167E-04 6.723786E06 6.875795E06 -1.520444E05 3.545601E01 1.427657E02 -1.499569E01
5.169136E-04 6.703586E06 6.855277E06 -1.517263E05 3.520043E01 1.423397E02 -1.496433E01
5.357104E-04 6.682724E06 6.834086E06 -1.513972E05 3.493601E01 1.418997E02 -1.493187E01
5.545073E-04 6.661209E06 6.812231E06 -1.510572E05 3.466591E01 1.414459E02 -1.489833E01
5.733041E-04 6.639049E06 6.789721E06 -1.507064E05 3.438748E01 1.409785E02 -1.486373E01
5.921010E-04 6.616256E06 6.766567E06 -1.503448E05 3.410374E01 1.404977E02 -1.482806E01
6.108978E-04 6.592838E06 6.742776E06 -1.499725E05 3.381223E01 1.400038E02 -1.479135E01
6.296947E-04 6.568805E06 6.718361E06 -1.495897E05 3.351574E01 1.394968E02 -1.475359E01
6.484915E-04 6.544167E06 6.693330E06 -1.491963E05 3.321205E01 1.389771E02 -1.471480E01
6.672884E-04 6.518936E06 6.667695E06 -1.487926E05 3.290369E01 1.384448E02 -1.467498E01
6.860852E-04 6.493121E06 6.641467E06 -1.483787E05 3.258877E01 1.379002E02 -1.463415E01
7.048821E-04 6.466734E06 6.614657E06 -1.479545E05 3.226949E01 1.373435E02 -1.459232E01
7.236789E-04 6.439787E06 6.587275E06 -1.475203E05 3.194430E01 1.367750E02 -1.454950E01
7.424758E-04 6.412289E06 6.559334E06 -1.470762E05 3.161503E01 1.361948E02 -1.450569E01
7.612727E-04 6.384253E06 6.530844E06 -1.466222E05 3.128055E01 1.356033E02 -1.446092E01
7.800695E-04 6.355691E06 6.501819E06 -1.461586E05 3.094224E01 1.350006E02 -1.441519E01
7.988664E-04 6.326614E06 6.472268E06 -1.456853E05 3.059944E01 1.343871E02 -1.436852E01
8.176632E-04 6.297034E06 6.442206E06 -1.452026E05 3.025306E01 1.337629E02 -1.432091E01
8.364601E-04 6.266964E06 6.411644E06 -1.447105E05 2.990291E01 1.331283E02 -1.427237E01
8.552569E-04 6.236417E06 6.380596E06 -1.442091E05 2.954940E01 1.324836E02 -1.422293E01
8.740538E-04 6.205405E06 6.349074E06 -1.436987E05 2.919286E01 1.318291E02 -1.417258E01
8.928506E-04 6.173940E06 6.317090E06 -1.431793E05 2.883322E01 1.311650E02 -1.412135E01
9.116475E-04 6.142034E06 6.284657E06 -1.426511E05 2.847122E01 1.304916E02 -1.406926E01
9.304443E-04 6.109701E06 6.251787E06 -1.421142E05 2.810639E01 1.298091E02 -1.401631E01
9.492412E-04 6.076953E06 6.218494E06 -1.415688E05 2.773983E01 1.291178E02 -1.396252E01
9.680380E-04 6.043804E06 6.184792E06 -1.410151E05 2.737078E01 1.284180E02 -1.390790E01
9.868349E-04 6.010266E06 6.150692E06 -1.404530E05 2.700055E01 1.277100E02 -1.385247E01
1.005632E-03 5.976353E06 6.116210E06 -1.398829E05 2.662818E01 1.269940E02 -1.379624E01
1.024429E-03 5.942079E06 6.081358E06 -1.393049E05 2.625516E01 1.262704E02 -1.373923E01
1.043225E-03 5.907457E06 6.046150E06 -1.387190E05 2.588038E01 1.255394E02 -1.368145E01
1.062022E-03 5.872502E06 6.010602E06 -1.381254E05 2.550545E01 1.248012E02 -1.362290E01
1.080819E-03 5.837226E06 5.974725E06 -1.375243E05 2.512911E01 1.240563E02 -1.356362E01
1.099616E-03 5.801643E06 5.938534E06 -1.369160E05 2.475312E01 1.233049E02 -1.350362E01
1.118413E-03 5.765766E06 5.902042E06 -1.363004E05 2.437600E01 1.225472E02 -1.344291E01
1.137210E-03 5.729608E06 5.865262E06 -1.356779E05 2.399981E01 1.217835E02 -1.338151E01
1.156007E-03 5.693185E06 5.828210E06 -1.350486E05 2.362263E01 1.210142E02 -1.331945E01
1.174803E-03 5.656508E06 5.790897E06 -1.344126E05 2.324691E01 1.202394E02 -1.325672E01
1.193600E-03 5.619592E06 5.753339E06 -1.337701E05 2.287030E01 1.194596E02 -1.319336E01
1.212397E-03 5.582451E06 5.715550E06 -1.331213E05 2.249620E01 1.186749E02 -1.312936E01
1.231194E-03 5.545098E06 5.677542E06 -1.324663E05 2.212131E01 1.178858E02 -1.306476E01
1.249991E-03 5.507547E06 5.639331E06 -1.318052E05 2.174871E01 1.170924E02 -1.299956E01
1.268788E-03 5.469812E06 5.600929E06 -1.311384E05 2.137650E01 1.162950E02 -1.293380E01
1.287585E-03 5.431906E06 5.562351E06 -1.304660E05 2.100600E01 1.154940E02 -1.286748E01
1.306381E-03 5.393841E06 5.523609E06 -1.297882E05 2.063686E01 1.146896E02 -1.280063E01
1.325178E-03 5.355633E06 5.484718E06 -1.291052E05 2.026899E01 1.138821E02 -1.273326E01
1.343975E-03 5.317295E06 5.445692E06 -1.284170E05 1.990332E01 1.130717E02 -1.266539E01
1.362772E-03 5.278840E06 5.406544E06 -1.277240E05 1.953907E01 1.122589E02 -1.259704E01
1.381569E-03 5.240281E06 5.367288E06 -1.270262E05 1.917730E01 1.114438E02 -1.252822E01
1.400366E-03 5.201629E06 5.327934E06 -1.263239E05 1.881808E01 1.106267E02 -1.245895E01
1.419162E-03 5.162900E06 5.288499E06 -1.256173E05 1.846141E01 1.098079E02 -1.238926E01
1.437959E-03 5.124106E06 5.248995E06 -1.249066E05 1.810756E01 1.089876E02 -1.231917E01
1.456756E-03 5.085261E06 5.209435E06 -1.241920E05 1.775572E01 1.081662E02 -1.224869E01
1.475553E-03 5.046376E06 5.169832E06 -1.234736E05 1.740628E01 1.073439E02 -1.217784E01
1.494350E-03 5.007465E06 5.130200E06 -1.227517E05 1.705919E01 1.065210E02 -1.210664E01
1.513147E-03 4.968539E06 5.090549E06 -1.220264E05 1.671559E01 1.056977E02 -1.203510E01
1.531944E-03 4.929611E06 5.050892E06 -1.212979E05 1.637394E01 1.048743E02 -1.196325E01
1.550740E-03 4.890692E06 5.011242E06 -1.205664E05 1.603481E01 1.040510E02 -1.189111E01
1.569537E-03 4.851797E06 4.971614E06 -1.198322E05 1.569793E01 1.032282E02 -1.181869E01
1.588334E-03 4.812937E06 4.932017E06 -1.190954E05 1.536548E01 1.024061E02 -1.174603E01
1.607131E-03 4.774122E06 4.892463E06 -1.183562E05 1.503635E01 1.015848E02 -1.167312E01
1.625928E-03 4.735364E06 4.852964E06 -1.176147E05 1.471067E01 1.007646E02 -1.159999E01
1.644725E-03 4.696674E06 4.813531E06 -1.168713E05 1.438811E01 9.994586E01 -1.152667E01
1.663522E-03 4.658064E06 4.774176E06 -1.161261E05 1.406896E01 9.912871E01 -1.145317E01
1.682318E-03 4.619544E06 4.734910E06 -1.153792E05 1.375305E01 9.831341E01 -1.137951E01
1.701115E-03 4.581127E06 4.695744E06 -1.146309E05 1.344065E01 9.750019E01 -1.130571E01
1.719912E-03 4.542821E06 4.656689E06 -1.138814E05 1.313156E01 9.668927E01 -1.123179E01
1.738709E-03 4.504638E06 4.617756E06 -1.131309E05 1.282603E01 9.588088E01 -1.115777E01
1.757506E-03 4.466588E06 4.578955E06 -1.123796E05 1.252387E01 9.507524E01 -1.108367E01
1.776303E-03 4.428682E06 4.540297E06 -1.116277E05 1.222531E01 9.427257E01 -1.100951E01
1.795100E-03 4.390929E06 4.501792E06 -1.108754E05 1.193015E01 9.347307E01 -1.093531E01
1.813896E-03 4.353339E06 4.463450E06 -1.101228E05 1.163862E01 9.267695E01 -1.086109E01
1.832693E-03 4.315922E06 4.425281E06 -1.093702E05 1.135050E01 9.188442E01 -1.078686E01
1.851490E-03 4.278686E06 4.387293E06 -1.086177E05 1.106603E01 9.109566E01 -1.071265E01
1.870287E-03 4.241641E06 4.349496E06 -1.078656E05 1.078499E01 9.031086E01 -1.063847E01
1.889084E-03 4.204795E06 4.311898E06 -1.071140E05 1.050757E01 8.953021E01 -1.056434E01
1.907881E-03 4.168157E06 4.274509E06 -1.063631E05 1.023360E01 8.875388E01 -1.049028E01
1.926678E-03 4.131734E06 4.237337E06 -1.056132E05 9.963193E00 8.798205E01 -1.041632E01
1.945474E-03 4.095535E06 4.200390E06 -1.048644E05 9.696248E00 8.721490E01 -1.034246E01
1.964271E-03 4.059568E06 4.163676E06 -1.041168E05 9.432811E00 8.645258E01 -1.026873E01
1.983068E-03 4.023840E06 4.127202E06 -1.033708E05 9.172740E00 8.569526E01 -1.019515E01
2.001865E-03 3.988359E06 4.090976E06 -1.026263E05 8.916538E00 8.494308E01 -1.012173E01
2.020662E-03 3.953130E06 4.055005E06 -1.018837E05 8.663374E00 8.419620E01 -1.004849E01
2.039459E-03 3.918162E06 4.019296E06 -1.011430E05 8.413977E00 8.345475E01 -9.975439E00
2.058255E-03 3.883460E06 3.983856E06 -1.004045E05 8.167576E00 8.271889E01 -9.902602E00
2.077052E-03 3.849031E06 3.948691E06 -9.966834E04 7.924881E00 8.198874E01 -9.829993E00
2.095849E-03 3.814881E06 3.913808E06 -9.893463E04 7.685168E00 8.126444E01 -9.757629E00
2.114646E-03 3.781016E06 3.879212E06 -9.820356E04 7.449063E00 8.054611E01 -9.685525E00
2.133443E-03 3.747442E06 3.844910E06 -9.747528E04 7.215928E00 7.983387E01 -9.613698E00
2.152240E-03 3.714164E06 3.810906E06 -9.674988E04 6.986383E00 7.912785E01 -9.542153E00
2.171037E-03 3.681187E06 3.777208E06 -9.602753E04 6.759472E00 7.842814E01 -9.470911E00
2.189833E-03 3.648517E06 3.743819E06 -9.530846E04 6.535974E00 7.773487E01 -9.399991E00
2.208630E-03 3.616157E06 3.710744E06 -9.459292E04 6.314874E00 7.704812E01 -9.329419E00
2.227427E-03 3.584112E06 3.677987E06 -9.388111E04 6.097744E00 7.636798E01 -9.259215E00
2.246224E-03 3.552385E06 3.645553E06 -9.317324E04 5.883152E00 7.569452E01 -9.189400E00
2.265021E-03 3.520980E06 3.613444E06 -9.246940E04 5.672245E00 7.502783E01 -9.119982E00
2.283818E-03 3.489902E06 3.581666E06 -9.176965E04 5.464084E00 7.436800E01 -9.050968E00
2.302615E-03 3.459153E06 3.550222E06 -9.107405E04 5.259338E00 7.371512E01 -8.982363E00
2.321411E-03 3.428738E06 3.519116E06 -9.038255E04 5.057196E00 7.306924E01 -8.914162E00
2.340208E-03 3.398660E06 3.488350E06 -8.969535E04 4.858470E00 7.243045E01 -8.846386E00
2.359005E-03 3.368922E06 3.457930E06 -8.901268E04 4.662291E00 7.179880E01 -8.779057E00
2.377802E-03 3.339525E06 3.427855E06 -8.833474E04 4.469488E00 7.117436E01 -8.712193E00
2.396599E-03 3.310473E06 3.398130E06 -8.766173E04 4.279214E00 7.055716E01 -8.645816E00
2.415396E-03 3.281767E06 3.368757E06 -8.699374E04 4.092209E00 6.994726E01 -8.579935E00
2.434193E-03 3.253410E06 3.339737E06 -8.633087E04 3.908036E00 6.934471E01 -8.514558E00
2.452989E-03 3.225404E06 3.311073E06 -8.567329E04 3.727657E00 6.874955E01 -8.449703E00
2.471786E-03 3.197750E06 3.282767E06 -8.502088E04 3.549513E00 6.816181E01 -8.385357E00
2.490583E-03 3.170449E06 3.254820E06 -8.437384E04 3.375218E00 6.758153E01 -8.321541E00
2.509380E-03 3.143504E06 3.227233E06 -8.373235E04 3.202986E00 6.700874E01 -8.258273E00
2.528177E-03 3.116915E06 3.200008E06 -8.309654E04 3.034859E00 6.644345E01 -8.195565E00
2.546974E-03 3.090682E06 3.173146E06 -8.246656E04 2.868705E00 6.588569E01 -8.133432E00
2.565770E-03 3.064807E06 3.146647E06 -8.184251E04 2.706944E00 6.533548E01 -8.071884E00
2.584567E-03 3.039291E06 3.120513E06 -8.122443E04 2.547123E00 6.479284E01 -8.010925E00
2.603364E-03 3.014133E06 3.094743E06 -8.061241E04 2.391996E00 6.425777E01 -7.950563E00
2.622161E-03 2.989334E06 3.069339E06 -8.000656E04 2.238860E00 6.373029E01 -7.890809E00
2.640958E-03 2.964895E06 3.044300E06 -7.940695E04 2.090713E00 6.321039E01 -7.831672E00
2.659755E-03 2.940815E06 3.019627E06 -7.881369E04 1.944723E00 6.269810E01 -7.773160E00
2.678552E-03 2.917095E06 2.995320E06 -7.822686E04 1.804005E00 6.219340E01 -7.715283E00
2.697348E-03 2.893734E06 2.971379E06 -7.764656E04 1.665748E00 6.169630E01 -7.658050E00
2.716145E-03 2.870732E06 2.947803E06 -7.707287E04 1.533030E00 6.120678E01 -7.601468E00
2.734942E-03 2.848089E06 2.924593E06 -7.650589E04 1.403225E00 6.072487E01 -7.545549E00
2.753739E-03 2.825804E06 2.901749E06 -7.594568E04 1.279221E00 6.025053E01 -7.490297E00
2.772536E-03 2.803878E06 2.879269E06 -7.539232E04 1.158720E00 5.978378E01 -7.435721E00
2.791333E-03 2.782310E06 2.857155E06 -7.484591E04 1.044250E00 5.932460E01 -7.381831E00
2.810130E-03 2.761098E06 2.835404E06 -7.430656E04 9.340368E-01 5.887297E01 -7.328636E00
2.828926E-03 2.740243E06 2.814017E06 -7.377438E04 8.301110E-01 5.842890E01 -7.276148E00
2.847723E-03 2.719744E06 2.792993E06 -7.324942E04 7.312785E-01 5.799237E01 -7.224373E00
2.866520E-03 2.699601E06 2.772332E06 -7.273176E04 6.389684E-01 5.756337E01 -7.173318E00
2.885317E-03 2.679812E06 2.752032E06 -7.222146E04 5.526101E-01 5.714189E01 -7.122989E00
2.904114E-03 2.660377E06 2.732095E06 -7.171863E04 4.729630E-01 5.672792E01 -7.073396E00
2.922911E-03 2.641295E06 2.712518E06 -7.122332E04 4.000304E-01 5.632144E01 -7.024545E00
2.941708E-03 2.622567E06 2.693302E06 -7.073563E04 3.339303E-01 5.592244E01 -6.976445E00
2.960504E-03 2.604189E06 2.674445E06 -7.025559E04 2.749274E-01 5.553090E01 -6.929101E00
2.979301E-03 2.586164E06 2.655947E06 -6.978335E04 2.229404E-01 5.514682E01 -6.882524E00
2.998098E-03 2.568487E06 2.637806E06 -6.931891E04 1.778212E-01 5.477015E01 -6.836719E00
3.016895E-03 2.551160E06 2.620022E06 -6.886237E04 1.396816E-01 5.440090E01 -6.791691E00
3.035692E-03 2.534179E06 2.602593E06 -6.841372E04 1.073437E-01 5.403900E01 -6.747442E00
3.054489E-03 2.517544E06 2.585517E06 -6.797305E04 8.114894E-02 5.368444E01 -6.703980E00
3.073286E-03 2.501252E06 2.568792E06 -6.754033E04 6.014825E-02 5.333717E01 -6.661302E00
3.092082E-03 2.485301E06 2.552417E06 -6.711573E04 4.356818E-02 5.299717E01 -6.619425E00
3.110879E-03 2.469688E06 2.536387E06 -6.669903E04 3.032139E-02 5.266434E01 -6.578327E00
3.129676E-03 2.454407E06 2.520697E06 -6.629008E04 2.233873E-02 5.233855E01 -6.537994E00
3.148473E-03 2.439456E06 2.505345E06 -6.588915E04 1.818287E-02 5.201980E01 -6.498451E00
3.167270E-03 2.424836E06 2.490332E06 -6.549631E04 1.595823E-02 5.170808E01 -6.459706E00
3.186067E-03 2.410544E06 2.475655E06 -6.511152E04 1.464345E-02 5.140333E01 -6.421756E00
3.204863E-03 2.396576E06 2.461311E06 -6.473470E04 1.373532E-02 5.110548E01 -6.384591E00
3.223660E-03 2.382929E06 2.447294E06 -6.436577E04 1.300536E-02 5.081446E01 -6.348205E00
3.242457E-03 2.369598E06 2.433603E06 -6.400467E04 1.237463E-02 5.053017E01 -6.312590E00
3.261254E-03 2.356580E06 2.420231E06 -6.365132E04 1.181374E-02 5.025254E01 -6.277740E00
3.280051E-03 2.343871E06 2.407176E06 -6.330568E04 1.130849E-02 4.998147E01 -6.243651E00
3.298848E-03 2.331466E06 2.394433E06 -6.296766E04 1.084964E-02 4.971688E01 -6.210313E00
3.317645E-03 2.319361E06 2.381998E06 -6.263719E04 1.043062E-02 4.945868E01 -6.177720E00
3.336441E-03 2.307552E06 2.369866E06 -6.231419E04 1.004593E-02 4.920677E01 -6.145863E00
3.355238E-03 2.296034E06 2.358032E06 -6.199858E04 9.691230E-03 4.896107E01 -6.114735E00
3.374035E-03 2.284803E06 2.346493E06 -6.169025E04 9.362926E-03 4.872148E01 -6.084326E00
3.392832E-03 2.273855E06 2.335244E06 -6.138913E04 9.057931E-03 4.848790E01 -6.054626E00
3.411629E-03 2.263185E06 2.324280E06 -6.109510E04 8.773851E-03 4.826024E01 -6.025628E00
3.430426E-03 2.252788E06 2.313596E06 -6.080808E04 8.508344E-03 4.803841E01 -5.997319E00
3.449223E-03 2.242660E06 2.303188E06 -6.052795E04 8.259536E-03 4.782231E01 -5.969692E00
3.468019E-03 2.232797E06 2.293052E06 -6.025463E04 8.025993E-03 4.761185E01 -5.942734E00
3.486816E-03 2.223194E06 2.283182E06 -5.998798E04 7.806093E-03 4.740691E01 -5.916436E00
3.505613E-03 2.213846E06 2.273574E06 -5.972792E04 7.598631E-03 4.720742E01 -5.890786E00
3.524410E-03 2.204750E06 2.264224E06 -5.947431E04 7.402591E-03 4.701327E01 -5.865774E00
3.543207E-03 2.195899E06 2.255126E06 -5.922706E04 7.217043E-03 4.682437E01 -5.841388E00
3.562004E-03 2.187290E06 2.246276E06 -5.898605E04 7.041111E-03 4.664062E01 -5.817618E00
3.580801E-03 2.178919E06 2.237670E06 -5.875116E04 6.874044E-03 4.646193E01 -5.794452E00
3.599597E-03 2.170781E06 2.229303E06 -5.852229E04 6.715139E-03 4.628820E01 -5.771878E00
3.618394E-03 2.162871E06 2.221170E06 -5.829931E04 6.563833E-03 4.611933E01 -5.749886E00
3.637191E-03 2.155186E06 2.213268E06 -5.808210E04 6.419546E-03 4.595525E01 -5.728464E00
3.655988E-03 2.147720E06 2.205591E06 -5.787057E04 6.281860E-03 4.579584E01 -5.707601E00
3.674785E-03 2.140470E06 2.198135E06 -5.766459E04 6.150113E-03 4.564103E01 -5.687286E00
3.693582E-03 2.133431E06 2.190895E06 -5.746404E04 6.024273E-03 4.549072E01 -5.667507E00
3.712378E-03 2.126600E06 2.183869E06 -5.726882E04 5.903615E-03 4.534482E01 -5.648253E00
3.731175E-03 2.119972E06 2.177051E06 -5.707882E04 5.788039E-03 4.520325E01 -5.629513E00
3.749972E-03 2.113543E06 2.170437E06 -5.689391E04 5.677015E-03 4.506592E01 -5.611276E00
3.768769E-03 2.107308E06 2.164022E06 -5.671400E04 5.570604E-03 4.493274E01 -5.593532E00
3.787566E-03 2.101265E06 2.157804E06 -5.653897E04 5.468280E-03 4.480363E01 -5.576269E00
3.806363E-03 2.095409E06 2.151778E06 -5.636871E04 5.369840E-03 4.467850E01 -5.559477E00
3.825160E-03 2.089736E06 2.145939E06 -5.620312E04 5.275109E-03 4.455727E01 -5.543146E00
3.843956E-03 2.084243E06 2.140285E06 -5.604209E04 5.183960E-03 4.443987E01 -5.527264E00
3.862753E-03 2.078925E06 2.134810E06 -5.588552E04 5.096112E-03 4.432620E01 -5.511821E00
3.881550E-03 2.073779E06 2.129512E06 -5.573330E04 5.011334E-03 4.421618E01 -5.496808E00
3.900347E-03 2.068801E06 2.124386E06 -5.558533E04 4.929578E-03 4.410975E01 -5.482214E00
3.919144E-03 2.063987E06 2.119429E06 -5.544151E04 4.850727E-03 4.400682E01 -5.468030E00
3.937941E-03 2.059334E06 2.114636E06 -5.530174E04 4.774514E-03 4.390731E01 -5.454245E00
3.956738E-03 2.054839E06 2.110005E06 -5.516593E04 4.700861E-03 4.381115E01 -5.440851E00
3.975534E-03 2.050497E06 2.105531E06 -5.503399E04 4.629748E-03 4.371827E01 -5.427837E00
3.994331E-03 2.046306E06 2.101212E06 -5.490581E04 4.560950E-03 4.362858E01 -5.415195E00
4.013128E-03 2.042262E06 2.097043E06 -5.478130E04 4.494432E-03 4.354202E01 -5.402915E00
4.031925E-03 2.038361E06 2.093022E06 -5.466038E04 4.430015E-03 4.345852E01 -5.390989E00
4.050722E-03 2.034601E06 2.089144E06 -5.454295E04 4.367704E-03 4.337800E01 -5.379407E00
4.069519E-03 2.030977E06 2.085406E06 -5.442893E04 4.307302E-03 4.330039E01 -5.368162E00
4.088316E-03 2.027487E06 2.081806E06 -5.431824E04 4.248897E-03 4.322563E01 -5.357245E00
4.107112E-03 2.024128E06 2.078339E06 -5.421079E04 4.192292E-03 4.315365E01 -5.346647E00
4.125909E-03 2.020896E06 2.075002E06 -5.410649E04 4.137429E-03 4.308437E01 -5.336361E00
4.144706E-03 2.017788E06 2.071793E06 -5.400527E04 4.084275E-03 4.301774E01 -5.326378E00
4.163503E-03 2.014801E06 2.068708E06 -5.390705E04 4.032700E-03 4.295368E01 -5.316690E00
4.182300E-03 2.011932E06 2.065744E06 -5.381175E04 3.982582E-03 4.289213E01 -5.307291E00
4.201097E-03 2.009178E06 2.062897E06 -5.371930E04 3.934068E-03 4.283303E01 -5.298173E00
4.219894E-03 2.006536E06 2.060166E06 -5.362962E04 3.886892E-03 4.277631E01 -5.289328E00
4.238690E-03 2.004003E06 2.057546E06 -5.354264E04 3.841117E-03 4.272191E01 -5.280750E00
4.257487E-03 2.001576E06 2.055035E06 -5.345830E04 3.796699E-03 4.266978E01 -5.272431E00
4.276284E-03 1.999253E06 2.052630E06 -5.337651E04 3.753544E-03 4.261984E01 -5.264364E00
4.295081E-03 1.997030E06 2.050327E06 -5.329721E04 3.711606E-03 4.257204E01 -5.256544E00
4.313878E-03 1.994905E06 2.048126E06 -5.322035E04 3.670960E-03 4.252632E01 -5.248963E00
4.332675E-03 1.992875E06 2.046021E06 -5.314585E04 3.631434E-03 4.248262E01 -5.241615E00
4.351471E-03 1.990937E06 2.044011E06 -5.307364E04 3.592952E-03 4.244088E01 -5.234494E00
4.370268E-03 1.989089E06 2.042093E06 -5.300368E04 3.555636E-03 4.240106E01 -5.227594E00
4.389065E-03 1.987328E06 2.040264E06 -5.293590E04 3.519385E-03 4.236308E01 -5.220908E00
4.407862E-03 1.985651E06 2.038521E06 -5.287024E04 3.484188E-03 4.232690E01 -5.214432E00
4.426659E-03 1.984056E06 2.036862E06 -5.280664E04 3.449891E-03 4.229245E01 -5.208160E00
4.445456E-03 1.982540E06 2.035285E06 -5.274505E04 3.416553E-03 4.225970E01 -5.202086E00
4.464253E-03 1.981101E06 2.033786E06 -5.268542E04 3.384177E-03 4.222858E01 -5.196204E00
4.483049E-03 1.979736E06 2.032363E06 -5.262769E04 3.352764E-03 4.219904E01 -5.190510E00
4.501846E-03 1.978443E06 2.031015E06 -5.257180E04 3.322157E-03 4.217104E01 -5.184999E00
4.520643E-03 1.977219E06 2.029737E06 -5.251772E04 3.292431E-03 4.214451E01 -5.179665E00
4.539440E-03 1.976063E06 2.028528E06 -5.246539E04 3.263565E-03 4.211942E01 -5.174503E00
4.558237E-03 1.974972E06 2.027386E06 -5.241476E04 3.235544E-03 4.209570E01 -5.169510E00
4.577034E-03 1.973943E06 2.026308E06 -5.236579E04 3.208225E-03 4.207332E01 -5.164680E00
4.595831E-03 1.972974E06 2.025293E06 -5.231843E04 3.181672E-03 4.205223E01 -5.160009E00
4.614627E-03 1.972064E06 2.024336E06 -5.227263E04 3.155939E-03 4.203237E01 -5.155492E00
4.633424E-03 1.971209E06 2.023438E06 -5.222836E04 3.130876E-03 4.201371E01 -5.151126E00
4.652221E-03 1.970409E06 2.022594E06 -5.218557E04 3.106581E-03 4.199620E01 -5.146906E00
4.671018E-03 1.969660E06 2.021804E06 -5.214423E04 3.082976E-03 4.197979E01 -5.142828E00
4.689815E-03 1.968960E06 2.021065E06 -5.210428E04 3.059999E-03 4.196444E01 -5.138888E00
4.708612E-03 1.968309E06 2.020374E06 -5.206570E04 3.037708E-03 4.195011E01 -5.135083E00
4.727409E-03 1.967703E06 2.019731E06 -5.202845E04 3.016132E-03 4.193676E01 -5.131409E00
4.746205E-03 1.967141E06 2.019133E06 -5.199248E04 2.995071E-03 4.192434E01 -5.127862E00
4.765002E-03 1.966620E06 2.018578E06 -5.195777E04 2.974685E-03 4.191281E01 -5.124439E00
4.783799E-03 1.966140E06 2.018064E06 -5.192429E04 2.954934E-03 4.190214E01 -5.121136E00
4.802596E-03 1.965697E06 2.017589E06 -5.189198E04 2.935741E-03 4.189228E01 -5.117950E00
4.821393E-03 1.965291E06 2.017152E06 -5.186084E04 2.917194E-03 4.188321E01 -5.114878E00
4.840190E-03 1.964920E06 2.016751E06 -5.183081E04 2.899110E-03 4.187487E01 -5.111917E00
4.858986E-03 1.964581E06 2.016383E06 -5.180188E04 2.881673E-03 4.186724E01 -5.109063E00
4.877783E-03 1.964274E06 2.016048E06 -5.177402E04 2.864742E-03 4.186027E01 -5.106315E00
4.896580E-03 1.963996E06 2.015743E06 -5.174718E04 2.848312E-03 4.185394E01 -5.103668E00
4.915377E-03 1.963745E06 2.015467E06 -5.172136E04 2.832468E-03 4.184821E01 -5.101121E00
4.934174E-03 1.963521E06 2.015218E06 -5.169651E04 2.817078E-03 4.184305E01 -5.098671E00
4.952971E-03 1.963322E06 2.014995E06 -5.167262E04 2.802211E-03 4.183842E01 -5.096315E00
4.971768E-03 1.963147E06 2.014796E06 -5.164966E04 2.787921E-03 4.183429E01 -5.094050E00
4.990564E-03 1.962993E06 2.014620E06 -5.162760E04 2.773979E-03 4.183063E01 -5.091875E00
5.009361E-03 1.962859E06 2.014465E06 -5.160643E04 2.760650E-03 4.182742E01 -5.089786E00
5.028158E-03 1.962744E06 2.014331E06 -5.158611E04 2.747703E-03 4.182462E01 -5.087782E00
5.046955E-03 1.962648E06 2.014214E06 -5.156663E04 2.735191E-03 4.182220E01 -5.085861E00
5.065752E-03 1.962567E06 2.014115E06 -5.154796E04 2.723230E-03 4.182014E01 -5.084020E00
5.084549E-03 1.962502E06 2.014032E06 -5.153009E04 2.711697E-03 4.181841E01 -5.082258E00
5.103346E-03 1.962450E06 2.013963E06 -5.151300E04 2.700640E-03 4.181699E01 -5.080572E00
5.122142E-03 1.962411E06 2.013908E06 -5.149666E04 2.689916E-03 4.181585E01 -5.078960E00
5.140939E-03 1.962384E06 2.013865E06 -5.148107E04 2.679728E-03 4.181496E01 -5.077422E00
5.159736E-03 1.962367E06 2.013834E06 -5.146619E04 2.669891E-03 4.181430E01 -5.075955E00
5.178533E-03 1.962360E06 2.013812E06 -5.145202E04 2.660492E-03 4.181385E01 -5.074557E00
5.197330E-03 1.962361E06 2.013800E06 -5.143853E04 2.651557E-03 4.181359E01 -5.073227E00
5.216127E-03 1.962369E06 2.013795E06 -5.142572E04 2.642997E-03 4.181350E01 -5.071964E00
5.234924E-03 1.962384E06 2.013798E06 -5.141357E04 2.634835E-03 4.181356E01 -5.070765E00
5.253720E-03 1.962405E06 2.013807E06 -5.140207E04 2.627134E-03 4.181374E01 -5.069631E00
5.272517E-03 1.962430E06 2.013821E06 -5.139120E04 2.619653E-03 4.181404E01 -5.068558E00
5.291314E-03 1.962459E06 2.013840E06 -5.138094E04 2.612729E-03 4.181443E01 -5.067547E00
5.310111E-03 1.962491E06 2.013862E06 -5.137130E04 2.606187E-03 4.181489E01 -5.066596E00
5.328908E-03 1.962525E06 2.013887E06 -5.136225E04 2.599943E-03 4.181542E01 -5.065703E00
5.347705E-03 1.962561E06 2.013915E06 -5.135379E04 2.594220E-03 4.181599E01 -5.064869E00
5.366502E-03 1.962598E06 2.013944E06 -5.134590E04 2.588667E-03 4.181659E01 -5.064091E00
5.385298E-03 1.962635E06 2.013974E06 -5.133858E04 2.583635E-03 4.181721E01 -5.063369E00
5.404095E-03 1.962672E06 2.014004E06 -5.133182E04 2.578879E-03 4.181784E01 -5.062702E00
5.422892E-03 1.962708E06 2.014034E06 -5.132561E04 2.574679E-03 4.181846E01 -5.062090E00
5.441689E-03 1.962743E06 2.014063E06 -5.131994E04 2.570699E-03 4.181907E01 -5.061531E00
5.460486E-03 1.962777E06 2.014091E06 -5.131481E04 2.567061E-03 4.181965E01 -5.061024E00
5.479283E-03 1.962808E06 2.014118E06 -5.131021E04 2.563834E-03 4.182020E01 -5.060571E00
5.498079E-03 1.962836E06 2.014142E06 -5.130613E04 2.561035E-03 4.182071E01 -5.060169E00
5.516876E-03 1.962862E06 2.014165E06 -5.130258E04 2.558503E-03 4.182117E01 -5.059818E00
5.535673E-03 1.962885E06 2.014184E06 -5.129954E04 2.556390E-03 4.182158E01 -5.059518E00
5.554470E-03 1.962904E06 2.014201E06 -5.129701E04 2.554617E-03 4.182193E01 -5.059269E00
5.573267E-03 1.962919E06 2.014214E06 -5.129499E04 2.553138E-03 4.182221E01 -5.059070E00
5.592064E-03 1.962931E06 2.014225E06 -5.129348E04 2.551989E-03 4.182242E01 -5.058921E00
5.610861E-03 1.962939E06 2.014232E06 -5.129247E04 2.551435E-03 4.182257E01 -5.058821E00
5.629657E-03 1.962943E06 2.014235E06 -5.129197E04 2.551203E-03 4.182264E01 -5.058772E00
